============================
scrollable_multiple_apps.xml
============================

This example project shows how to use multipe apps in one project.

Models used
-----------

* :doc:`../../skills/skill_approach`: lines 52
* :doc:`../../skills/skill_idle`: lines 60, 62, 64, 66, 68, 70, 72, 74, 76, 78, 80, 82, 84, 86, 88, 90, 92, 94, 96, 98, 100, 102, 104, 106, 108, 110, 112, 114, 116, 118, 120, 122, 124, 126, 128, 130, 132, 134, 136, 138, 140, 142, 144, 146, 148, 150, 152, 154, 156, 158, 160, 162, 164, 166, 168, 170, 172, 174, 176, 178, 180, 182, 184, 186, 188, 190, 192, 194, 196, 198, 200, 202, 204, 206, 208, 210, 212, 214, 216, 218, 220, 222, 224, 226, 228, 230, 232, 234, 236, 238, 240, 242, 244, 246, 248, 250, 252, 254, 256, 258
* :doc:`../../skills/skill_lin`: lines 48
* :doc:`../../skills/skill_ptp`: lines 37
* :doc:`../../skills/skill_sequence`: lines 33, 44

File contents
-------------


.. literalinclude:: scrollable_multiple_apps.xml
    :language: xml
    :linenos:
    :emphasize-lines: 256,258,33,37,44,48,52,60,62,64,66,68,70,72,74,76,78,80,82,84,86,88,90,92,94,96,98,100,102,104,106,108,110,112,114,116,118,120,122,124,126,128,130,132,134,136,138,140,142,144,146,148,150,152,154,156,158,160,162,164,166,168,170,172,174,176,178,180,182,184,186,188,190,192,194,196,198,200,202,204,206,208,210,212,214,216,218,220,222,224,226,228,230,232,234,236,238,240,242,244,246,248,250,252,254
